w = 20, k = 10
block     : 0.540598984349, 0.504778554779, 0.241692242942,
vocab     : 0.408045214045, 0.919444444444, 0.435522111904,
nltk block: 0.407222222222, 0.767435342435, 0.435695318327,
random    : 0.400370511841, 0.35796009546, 0.324504296873,
