w = 20, k = 10
block     : 0.490969969358, 0.498262789842, 0.256291280916,
vocab     : 0.414344485437, 0.889902042402, 0.408701567892,
nltk-block: 0.405395586848, 0.751330847515, 0.387639879956,
random    : 0.382196740635, 0.364498294104, 0.273245028778,
