w = 20, k = 6










block     : 0.441238892686, 0.781883394383, 0.366074280252,
vocab     : 0.408045214045, 0.919444444444, 0.435522111904,
nltk block: 0.407222222222, 0.767435342435, 0.435695318327,
w = 20, k = 8










block     : 0.455906756642, 0.595054945055, 0.302295526111,
vocab     : 0.408045214045, 0.919444444444, 0.435522111904,
nltk block: 0.407222222222, 0.767435342435, 0.435695318327,
